NOMBRE : Seg_8
COMENTARIO : 
VERTICES : 251
ARISTAS_REQ : 155
ARISTAS_NOREQ : 56
RESTRICCIONES : 0
NODOS_INICIALES : 1
NODOS_TERMINO : 1
LISTA_ARISTAS_REQ :
bi 1310 1332 110.617 1
bi 1333 1334 58.826 1
bi 1312 1334 110.658 1
bi 1305 1335 111.128 1
bi 1334 1336 49.764 1
bi 1311 1336 110.902 1
bi 1336 1332 50.288 1
bi 1308 1337 111.138 1
bi 1335 1338 49.795 1
bi 1304 1338 111.729 1
bi 1337 1339 79.27 1
bi 1306 1339 111.405 1
bi 1339 1335 49.756 1
bi 1338 1340 48.17 1
bi 1302 1340 112.174 1
bi 1332 1342 48.121 1
bi 1309 1342 111.368 1
bi 1342 1337 78.888 1
bi 1339 1362 120.526 1
bi 1365 1366 57.368 1
bi 1334 1366 121.02 1
bi 1362 1367 50.358 1
bi 1335 1367 121.017 1
bi 1337 1368 121.024 1
bi 1368 1362 79.169 1
bi 1367 1369 49.782 1
bi 1338 1369 121.018 1
bi 1369 1363 48.038 1
bi 1342 1370 121.033 1
bi 1370 1368 79.419 1
bi 1332 1372 122.019 1
bi 1372 1370 47.256 1
bi 1366 1374 50.381 1
bi 1336 1374 122.014 1
bi 1374 1372 49.788 1
bi 1366 1388 64.011 1
uni 1388 1392 60.088 1
bi 1388 1393 50.827 1
bi 1374 1393 66.874 1
bi 1394 1395 42.977 1
bi 1372 1395 67.881 1
bi 1370 1399 71.148 1
bi 1368 1401 85.982 1
bi 1362 1409 103.72 1
bi 1397 1412 52.379 1
bi 1412 1413 119.546 1
bi 1367 1414 112.194 1
bi 1369 1415 117.337 1
uni 1418 1392 58.908 1
uni 1420 1419 62.008 1
bi 1421 1418 52.256 1
bi 1422 1421 46.631 1
bi 1396 1423 60.354 1
bi 1420 1424 50.276 1
bi 1424 1422 45.975 1
bi 1403 1428 53.641 1
bi 1428 1423 64.509 1
bi 1413 1431 43.317 1
bi 1412 1435 43 1
bi 1435 1431 119.667 1
uni 1400 1446 115.161 1
bi 1415 1447 69.24 1
bi 1447 1445 48.98 1
bi 1448 1447 48.901 1
bi 1431 1451 44.93 1
bi 1452 1448 45.99 1
bi 1446 1454 53.975 1
bi 1435 1456 43.519 1
bi 1456 1451 119.32 1
bi 1455 1457 81.293 1
bi 1458 1452 45.903 1
bi 1457 1459 52.355 1
bi 1459 1460 50.45 1
bi 1461 1460 139.546 1
bi 1428 1462 69.238 1
bi 1454 1463 42.289 1
bi 1463 1458 41.068 1
bi 1422 1464 77.52 1
bi 1460 1465 53.469 1
uni 1465 1420 78.164 1
bi 1421 1466 78.047 1
bi 1466 1467 53.22 1
bi 1424 1468 77.518 1
bi 1394 1476 171.333 1
bi 1162 1209 155.469 1
bi 1209 1212 48.608 1
bi 1161 1212 155.819 1
bi 1212 1213 78.606 1
bi 1163 1214 155.812 1
bi 1214 1215 50.326 1
bi 1164 1215 156.136 1
bi 1216 1214 63.005 1
bi 1213 1230 54.012 1
bi 1230 1251 88.017 1
bi 1251 1252 54.92 1
bi 1253 1252 133.062 1
bi 1252 1254 50.326 1
bi 1255 1254 133.033 1
bi 1254 1258 50.325 1
bi 1259 1258 134.132 1
bi 1258 1261 48.639 1
bi 1210 1261 134.011 1
uni 1216 1262 132.493 1
bi 1262 1265 62.32 1
bi 1214 1265 134.022 1
bi 1265 1266 49.389 1
bi 1215 1266 134.038 1
bi 1266 1267 50.139 1
bi 1209 1267 135.027 1
bi 1267 1269 48.545 1
bi 1212 1269 136.028 1
bi 1269 1270 51.514 1
bi 1230 1270 94.274 1
bi 1270 1290 85.952 1
bi 1261 1302 129.895 1
bi 1258 1304 130.326 1
bi 1304 1302 47.901 1
bi 1254 1305 131.918 1
bi 1305 1304 50.005 1
bi 1252 1306 132.245 1
bi 1306 1305 49.951 1
bi 1290 1308 54.889 1
bi 1308 1306 78.646 1
bi 1269 1309 128.733 1
bi 1309 1308 78.728 1
bi 1267 1310 129.927 1
bi 1310 1309 48.274 1
bi 1266 1311 130.281 1
bi 1311 1310 51.046 1
bi 1265 1312 130.394 1
bi 1312 1311 48.709 1
uni 1262 1313 131.055 1
bi 1313 1312 60.091 1
bi 1253 1255 49.639 1
bi 1255 1259 50.889 1
bi 1259 1210 47.139 1
bi 1156 1259 157.578 1
bi 1155 1210 157.771 1
bi 1403 1396 72.956 1
uni 2927 1419 132.972 1
bi 2924 1413 41.738 1
uni 3019 2927 53.589 1
uni 1333 1365 120.51 1
bi 1401 1409 87.786 1
uni 1313 1333 110.487 1
uni 1365 1387 57.859 1
bi 1409 1452 93.352 1
uni 1467 1418 78.059 1
bi 1159 1213 155.798 1
bi 1157 1253 155.828 1
bi 1158 1255 156.323 1
uni 2915 1216 156.664 1
bi 1213 1253 78.618 1
uni 2925 2924 123.642 1
uni 1461 2925 69.704 1
LISTA_ARISTAS_NOREQ :
bi 1340 1363 120.52 0
bi 1363 1411 111.785 0
bi 1464 1466 45.577 0
bi 1465 1468 53.888 0
bi 1468 1464 45.85 0
bi 1152 1153 3.639 0
uni 1153 1154 25.848 0
uni 1154 1155 26.608 0
uni 1387 1388 59.863 0
uni 1387 1392 10.389 0
bi 1393 1394 6.56 0
bi 1396 1397 49.229 0
bi 1395 1399 46.753 0
bi 1399 1400 11.825 0
bi 1400 1401 64.016 0
bi 1409 1414 48.048 0
bi 1414 1415 50.502 0
bi 1415 1411 62.951 0
bi 1451 1455 8.875 0
uni 1155 1156 47.536 0
uni 1158 1157 52.217 0
bi 1159 1160 10.58 0
uni 1157 1159 77.182 0
uni 1159 1161 76.784 0
uni 1161 1162 49.517 0
uni 1164 1163 50.851 0
bi 1215 1209 49.504 0
uni 1263 1264 289.33 0
bi 1263 1262 7.864 0
bi 1251 1290 87.257 0
bi 1397 2923 11.472 0
uni 2923 2918 116.427 0
uni 1419 1461 52.065 0
uni 2921 2926 134.136 0
uni 1264 3017 20.354 0
uni 1163 2915 63.922 0
uni 3019 2922 11.596 0
uni 2926 2922 53.491 0
uni 1392 3019 6.912 0
uni 2919 2920 69.579 0
uni 3017 1160 290.359 0
uni 2922 1263 418.717 0
uni 1162 1164 49.171 0
uni 1156 1158 49.687 0
uni 3017 2915 11.242 0
uni 1160 1152 278.979 0
uni 2915 1264 9.935 0
uni 2918 2919 122.581 0
uni 2920 2921 50.286 0
uni 2922 1387 8.268 0
uni 2924 2923 114.398 0
bi 2918 2924 14.537 0
bi 2925 2919 14.778 0
bi 1461 2920 14.313 0
bi 1419 2921 14.687 0
bi 2926 2927 11.396 0
CORDENADAS_NODOS :
RESTRICCIONES :
NODOS_INICIALES:
1310
NODOS_TERMINO:
1310
