NOMBRE : Seg_12
COMENTARIO : 
VERTICES : 339
ARISTAS_REQ : 227
ARISTAS_NOREQ : 50
RESTRICCIONES : 0
NODOS_INICIALES : 1
NODOS_TERMINO : 1
LISTA_ARISTAS_REQ :
bi 2051 2081 27.004 1
bi 1990 2082 85.923 1
bi 2081 2083 45.608 1
bi 1962 2083 113.01 1
bi 1996 2084 77.727 1
bi 2084 2079 60.513 1
bi 2085 1968 96.212 1
bi 2085 2082 72.325 1
bi 2082 2086 27.021 1
bi 2086 2084 27.283 1
bi 1967 2087 102.013 1
bi 2087 2088 28.19 1
bi 1970 2089 99.01 1
bi 2089 2085 43.41 1
bi 2090 2087 17.595 1
bi 1965 2091 106.008 1
bi 2091 2090 26.221 1
bi 2083 2093 49.098 1
bi 1963 2093 111.036 1
bi 2093 2092 30.719 1
bi 2137 2138 44.702 1
bi 2081 2138 54.006 1
bi 2086 2151 64.01 1
bi 2151 2146 115.228 1
bi 1254 1258 50.325 1
bi 1259 1258 134.132 1
bi 2661 2692 44.012 1
bi 2692 2693 33.892 1
bi 2615 2693 91.007 1
bi 2662 2697 46.015 1
bi 2697 2692 104.326 1
bi 2700 2664 45.435 1
bi 1258 1304 130.326 1
bi 1254 1305 131.918 1
bi 1305 1304 50.005 1
bi 1305 1335 111.128 1
bi 1335 1338 49.795 1
bi 1304 1338 111.729 1
bi 1335 1367 121.017 1
bi 1367 1369 49.782 1
bi 1338 1369 121.018 1
bi 1367 1414 112.194 1
bi 1369 1415 117.337 1
bi 1415 1447 69.24 1
bi 1448 1447 48.901 1
bi 1448 1525 147.63 1
bi 1525 1515 48.37 1
bi 1527 1525 46.348 1
bi 1515 1581 81.388 1
bi 1581 1674 169.752 1
bi 1674 1675 34.195 1
bi 1679 1674 46.876 1
bi 1682 1679 83 1
bi 1675 1699 49.092 1
bi 1709 1699 163.302 1
bi 1699 1728 49.01 1
bi 1729 1728 56.348 1
bi 1733 1729 51.358 1
bi 1736 1733 55.337 1
bi 1729 1816 119.058 1
bi 1816 1812 57.701 1
bi 1733 1820 119.991 1
bi 1820 1816 48.665 1
bi 1823 1820 18.267 1
bi 1829 1823 37.513 1
bi 1816 1893 94.96 1
bi 1893 1891 60.266 1
bi 1894 1823 87.713 1
bi 1894 1893 84.295 1
bi 1935 1933 61.423 1
bi 1936 1935 56.51 1
bi 1959 1962 46.177 1
bi 1962 1963 49.756 1
bi 1963 1965 45.871 1
bi 1965 1967 44.994 1
bi 1967 1970 45.492 1
bi 1970 1968 67.23 1
bi 1936 1975 34.371 1
bi 1968 1990 48.396 1
bi 1975 1992 58.167 1
bi 1935 1992 43.344 1
bi 1990 1996 56.882 1
bi 1992 2000 61.895 1
bi 1959 2002 45.004 1
bi 1996 2005 62.463 1
bi 2002 2051 44.003 1
bi 2052 2051 44.14 1
bi 2157 2085 67.892 1
bi 2157 2151 116.246 1
bi 2088 2161 67.019 1
bi 2161 2157 46.366 1
bi 2090 2169 68.008 1
bi 2169 2161 45.015 1
bi 2092 2170 68.008 1
bi 2170 2169 42.38 1
bi 2093 2172 68.016 1
bi 2172 2170 31.344 1
bi 2172 2195 31.006 1
bi 2138 2196 48.025 1
bi 2196 2197 45.427 1
bi 2083 2197 102.126 1
bi 2197 2195 48.294 1
bi 2198 2196 44.41 1
bi 2211 2157 47.517 1
bi 2219 2211 153.856 1
bi 2151 2228 59.005 1
bi 2228 2229 57.201 1
bi 2231 2228 65.318 1
bi 2232 2231 65.196 1
bi 2252 2232 34.013 1
bi 2219 2253 43.725 1
bi 2253 2252 143.276 1
bi 2231 2269 60.007 1
bi 2270 2252 27.848 1
bi 2270 2269 79.513 1
bi 2253 2277 44.702 1
bi 2277 2278 131.938 1
bi 2278 2270 18.602 1
bi 2228 2306 104.008 1
bi 2306 2307 52.233 1
bi 2269 2316 58.305 1
bi 2316 2306 66.526 1
bi 2341 2320 81.768 1
bi 2277 2343 61.941 1
bi 2197 2345 164.17 1
bi 2345 2343 45.03 1
bi 2196 2348 165.015 1
bi 2348 2345 46.831 1
bi 2353 2350 32.547 1
bi 2307 2368 64.456 1
bi 2341 2389 80.187 1
bi 2320 2389 54.483 1
bi 2368 2399 31.003 1
bi 2343 2407 53.613 1
bi 2407 2403 110.092 1
bi 2350 2412 51.01 1
bi 2412 2407 101.727 1
bi 2306 2416 96.014 1
bi 2416 2399 53.95 1
bi 2398 2419 52.498 1
bi 2399 2422 24.002 1
bi 2419 2429 27.48 1
bi 2416 2429 19.005 1
bi 2429 2442 24.683 1
bi 2457 2403 46.674 1
bi 2407 2460 45.677 1
bi 2460 2457 98.44 1
bi 2412 2462 45.01 1
bi 2462 2460 102.587 1
bi 2422 2471 29.998 1
bi 2460 2511 47.333 1
bi 2511 2512 86.2 1
bi 2462 2513 47.094 1
bi 2513 2511 104.664 1
bi 2479 2566 77.189 1
bi 2442 2567 94.439 1
bi 2567 2566 44.108 1
bi 2572 2573 47.975 1
bi 2419 2573 117.589 1
bi 2573 2567 46.059 1
bi 2583 2512 49.451 1
bi 2511 2584 48.019 1
bi 2584 2583 75.512 1
bi 2513 2585 48.181 1
bi 2585 2584 103.833 1
bi 2572 2613 48.695 1
bi 2566 2615 50.004 1
bi 2613 2618 105.457 1
bi 2618 2615 32.909 1
bi 2621 2583 46.576 1
bi 2584 2622 45.013 1
bi 2622 2621 64.419 1
bi 2585 2623 44.912 1
bi 2623 2622 102.732 1
bi 2618 2661 46.004 1
bi 2613 2662 48.014 1
bi 2662 2661 106.201 1
bi 2664 2621 46.191 1
bi 2623 2665 45.999 1
bi 2665 2664 156.359 1
bi 2665 2706 44.621 1
bi 2706 2700 144.91 1
bi 2746 2744 44.556 1
bi 2747 2746 44.943 1
bi 2697 2748 47.534 1
bi 2748 2747 47.621 1
bi 2749 2748 45.202 1
bi 2750 2749 45.209 1
bi 2751 2700 49.283 1
bi 2752 2750 45.212 1
bi 2751 2752 48.597 1
bi 2753 2751 98.618 1
bi 2706 2754 47.766 1
bi 2754 2753 34.008 1
bi 2753 2807 61.235 1
bi 2807 2808 99.776 1
bi 2746 2831 109.524 1
bi 2831 2828 44.541 1
bi 2807 2832 45.62 1
bi 2832 2833 99.105 1
bi 2756 2834 106.946 1
bi 2834 2832 45.29 1
bi 2747 2840 114.75 1
bi 2840 2831 44.97 1
bi 2748 2843 120.02 1
bi 2843 2840 47.947 1
bi 2749 2847 125.744 1
bi 2847 2843 46.765 1
bi 2750 2852 130.247 1
bi 2852 2847 43.925 1
bi 2752 2857 135.412 1
bi 2857 2852 45.901 1
bi 2862 2857 48.445 1
bi 2834 2873 45.942 1
bi 2873 2874 145.016 1
bi 2902 2903 147.097 1
bi 2751 2808 61.402 1
bi 2229 2961 91.617 1
bi 1255 1259 50.889 1
bi 1156 1259 157.578 1
bi 2833 2862 35.27 1
bi 2808 2833 45.177 1
bi 2512 2457 49.406 1
bi 2404 2278 63.302 1
bi 2343 2404 117.967 1
bi 2398 2572 139.331 1
bi 1644 1679 137.731 1
LISTA_ARISTAS_NOREQ :
bi 2005 2079 66.556 0
bi 2052 2137 80.617 0
bi 1255 1254 133.033 0
bi 1644 1682 46.947 0
bi 1682 1709 49.736 0
bi 1709 1736 48.189 0
bi 1812 1891 101.731 0
bi 1891 1933 51.783 0
bi 1933 2000 53.785 0
bi 2000 2005 6.219 0
bi 2693 2744 48.261 0
bi 2744 2828 105.265 0
bi 2828 2870 46.449 0
bi 1158 1255 156.323 0
bi 2088 2089 17.436 0
bi 2092 2091 16.159 0
bi 1414 1415 50.502 0
bi 1938 1894 53.631 0
bi 1938 1936 39.567 0
bi 1968 1938 33.91 0
bi 1968 1975 50.522 0
bi 1992 1996 6.634 0
bi 2195 2219 12.974 0
bi 2232 2211 12.292 0
bi 2320 2316 15.018 0
bi 2350 2348 13.129 0
bi 2389 2398 18.359 0
bi 2403 2404 51.977 0
bi 2442 2471 33.616 0
bi 2471 2479 14.033 0
bi 2756 2754 11.891 0
bi 2831 2872 46.991 0
bi 2872 2870 44.575 0
bi 2840 2878 46.874 0
bi 2878 2872 44.593 0
bi 2843 2879 47.605 0
bi 2879 2878 47.925 0
bi 2847 2883 47.658 0
bi 2883 2879 46.73 0
bi 2852 2889 48.4 0
bi 2889 2883 44.039 0
bi 2857 2893 48.84 0
bi 2893 2889 45.975 0
bi 2873 2902 54.059 0
bi 2307 2961 4.893 0
bi 2903 2893 47.632 0
bi 2874 2903 39.056 0
bi 2862 2874 9.87 0
bi 2404 2341 6.169 0
uni 1156 1158 49.687 0
CORDENADAS_NODOS :
RESTRICCIONES :
NODOS_INICIALES:
2051
NODOS_TERMINO:
2051

