NOMBRE : Seg_7
COMENTARIO : 
VERTICES : 117
ARISTAS_REQ : 94
ARISTAS_NOREQ : 0
RESTRICCIONES : 0
NODOS_INICIALES : 1
NODOS_TERMINO : 1
LISTA_ARISTAS_REQ :
uni 54 53 137.418 1
bi 266 267 148.946 1
uni 148 149 129.865 1
uni 186 185 129.518 1
bi 525 526 272.697 1
uni 328 327 28.236 1
bi 329 330 87.985 1
bi 342 343 92.832 1
uni 373 372 100.761 1
bi 395 396 60.454 1
uni 1039 1038 14.216 1
uni 1040 1039 17.472 1
uni 1038 1041 51.512 1
uni 1040 1041 25.749 1
uni 817 1040 86.828 1
uni 1062 1063 28.101 1
bi 149 53 89.067 1
uni 606 607 35.286 1
uni 394 373 110.157 1
uni 372 662 126.163 1
uni 149 668 126.33 1
uni 816 930 187.468 1
bi 328 525 106.673 1
bi 607 731 99.872 1
uni 736 735 147.038 1
bi 148 186 89.002 1
uni 736 394 99.557 1
uni 372 736 120.665 1
bi 53 793 87.182 1
uni 525 802 201.546 1
bi 793 395 49.771 1
bi 816 817 49.802 1
bi 381 327 97.813 1
bi 266 735 124.107 1
uni 835 817 317.858 1
bi 662 872 63.61 1
uni 731 148 129.906 1
uni 877 328 99.818 1
uni 381 793 127.161 1
uni 910 911 57.81 1
bi 185 731 88.914 1
uni 267 736 125.703 1
bi 186 381 86.919 1
uni 53 186 128.434 1
uni 185 330 125.669 1
bi 395 877 45.393 1
uni 793 342 139.409 1
bi 267 662 130.283 1
uni 343 877 134.697 1
uni 835 930 147.075 1
bi 980 910 15.047 1
uni 253 987 90.411 1
bi 1000 668 8.954 1
uni 1001 1002 9.341 1
uni 1000 1002 94.111 1
uni 1005 1007 9.931 1
uni 373 1012 70.649 1
bi 872 606 35.062 1
uni 1013 872 133.249 1
uni 1013 372 70.493 1
uni 1012 1013 91.414 1
uni 1014 1001 39.342 1
uni 1015 1016 29.108 1
uni 1016 1017 130.754 1
uni 1017 1014 68.71 1
uni 607 1015 99.906 1
uni 1015 1014 227.922 1
bi 329 1020 106.44 1
uni 1020 606 92.933 1
uni 1002 1005 36.219 1
uni 1007 1012 177.46 1
uni 1036 1066 18.216 1
uni 1066 806 138.28 1
bi 1016 148 98.283 1
bi 1017 149 101.071 1
uni 1081 835 45.442 1
uni 1082 1062 44.989 1
uni 1062 1081 37.554 1
uni 1062 1083 38.444 1
bi 1083 1063 29.652 1
uni 930 1063 240.162 1
uni 1082 1081 35.725 1
uni 1084 786 457.734 1
uni 911 1082 569.465 1
bi 54 342 86.731 1
bi 802 1038 376.865 1
uni 1039 980 313.418 1
uni 1041 816 80.296 1
bi 343 802 111.879 1
uni 1087 1084 136.035 1
uni 806 253 203.545 1
uni 1083 1087 1280.39 1
uni 786 1036 141.182 1
uni 987 1005 120.769 1
LISTA_ARISTAS_NOREQ :
CORDENADAS_NODOS :
RESTRICCIONES :
NODOS_INICIALES:
53
NODOS_TERMINO:
53
