NOMBRE : Seg_0
COMENTARIO : 
VERTICES : 54
ARISTAS_REQ : 43
ARISTAS_NOREQ : 4
RESTRICCIONES : 0
NODOS_INICIALES : 1
NODOS_TERMINO : 1
LISTA_ARISTAS_REQ :
uni 6 7 110.469 1
bi 6 9 184.559 1
bi 7 16 115.924 1
bi 6 17 115.754 1
bi 18 19 28.464 1
bi 16 11 117.46 1
bi 20 18 127.365 1
uni 20 21 73.327 1
bi 21 18 48.329 1
bi 19 22 73.004 1
uni 113 11 238.074 1
uni 203 17 279.552 1
uni 359 113 220.034 1
bi 425 359 109.296 1
bi 830 969 218.45 1
bi 565 566 63.746 1
bi 583 565 95.123 1
bi 687 688 92.936 1
uni 688 583 222.054 1
uni 565 203 221.039 1
uni 650 687 221.024 1
bi 789 425 86.016 1
bi 359 821 109.916 1
bi 830 687 87.543 1
bi 650 583 95.556 1
bi 862 789 87.718 1
uni 687 19 304.386 1
bi 203 932 159.447 1
bi 932 943 47.38 1
uni 22 688 293.383 1
bi 932 113 109.702 1
bi 967 943 82.357 1
bi 969 650 94.755 1
bi 943 789 86.643 1
bi 688 203 96.149 1
bi 21 985 119.258 1
bi 830 985 196.846 1
uni 985 20 211.336 1
bi 9 17 62.47 1
bi 17 16 144.163 1
bi 22 9 48.239 1
uni 7 10 143.244 1
bi 16 932 256.139 1
LISTA_ARISTAS_NOREQ :
uni 11 10 112.284 0
bi 11 4 107.316 0
bi 8 4 114.288 0
uni 10 8 92.357 0
CORDENADAS_NODOS :
RESTRICCIONES :
NODOS_INICIALES:
6
NODOS_TERMINO:
6