NOMBRE : Seg_10
COMENTARIO : 
VERTICES : 119
ARISTAS_REQ : 107
ARISTAS_NOREQ : 0
RESTRICCIONES : 0
NODOS_INICIALES : 1
NODOS_TERMINO : 1
LISTA_ARISTAS_REQ :
uni 74 73 86.531 1
uni 121 122 45.897 1
uni 123 124 131.814 1
bi 258 259 100.604 1
bi 286 287 136.646 1
uni 215 214 39.42 1
bi 555 556 52.781 1
uni 560 561 140.384 1
uni 191 215 233.264 1
bi 331 332 54.153 1
bi 374 375 40.2 1
uni 376 121 73.883 1
bi 379 380 141.387 1
bi 469 470 9.761 1
bi 215 474 55.831 1
bi 764 1034 4.877 1
uni 892 1034 55.082 1
uni 569 568 20.948 1
bi 474 601 51.82 1
uni 612 611 50.275 1
bi 121 637 117.879 1
bi 693 122 93.579 1
bi 702 605 153.556 1
bi 259 287 101.46 1
uni 470 376 63.051 1
uni 376 693 91.809 1
bi 612 556 144.302 1
bi 611 555 138.257 1
bi 380 759 145.088 1
bi 556 764 51.845 1
bi 561 286 98.584 1
uni 780 781 136.635 1
bi 124 767 50.569 1
bi 813 124 59.456 1
uni 214 569 19.159 1
bi 825 123 60.642 1
uni 569 781 21.697 1
bi 767 191 51.087 1
bi 702 805 92.283 1
bi 637 374 114.508 1
uni 850 849 219.875 1
bi 601 853 206.69 1
uni 469 891 135.603 1
uni 122 892 25.325 1
uni 123 850 118.956 1
bi 287 891 111.244 1
bi 601 900 54.937 1
bi 909 825 34.749 1
bi 853 331 25.066 1
bi 913 560 99.24 1
uni 568 850 91.12 1
uni 393 735 100.72 1
uni 735 284 140.568 1
bi 825 813 132.367 1
bi 926 73 146.193 1
bi 767 215 281.127 1
uni 214 568 19.688 1
bi 773 605 82.77 1
uni 630 258 146.288 1
bi 892 637 48.384 1
bi 285 853 52.657 1
uni 470 849 70.172 1
uni 495 630 142.986 1
bi 928 561 100.407 1
bi 956 702 81.517 1
bi 287 379 146.937 1
uni 805 74 169.987 1
uni 913 744 129.756 1
bi 474 285 206.589 1
uni 891 780 147.432 1
uni 258 928 135.299 1
bi 702 74 219.892 1
bi 286 469 120.223 1
uni 998 469 214.236 1
bi 998 999 9.295 1
uni 693 999 57.229 1
uni 999 612 57.948 1
bi 999 764 154.54 1
uni 73 1004 118.211 1
uni 1004 1008 95.97 1
uni 1008 926 127.225 1
uni 1009 393 153.974 1
uni 1009 1006 147.28 1
bi 1006 1008 8.94 1
uni 759 1010 72.613 1
bi 1010 1011 9.782 1
uni 1008 1011 285.446 1
uni 781 1010 153.689 1
uni 1011 569 172.178 1
uni 1011 900 137.666 1
uni 1010 1009 140.271 1
uni 379 780 110.957 1
uni 928 913 142.186 1
uni 906 560 131.619 1
bi 744 906 99.363 1
uni 926 956 190.805 1
bi 1067 709 167.388 1
uni 900 332 230.385 1
uni 284 495 144.054 1
uni 561 259 136.707 1
bi 375 813 125.15 1
bi 849 375 184.812 1
bi 709 773 63.133 1
uni 956 773 153.719 1
bi 1067 956 69.56 1
bi 900 1067 195.134 1
uni 781 380 100.735 1
LISTA_ARISTAS_NOREQ :
CORDENADAS_NODOS :
RESTRICCIONES :
NODOS_INICIALES:
73
NODOS_TERMINO:
73
