NOMBRE : Seg_30
COMENTARIO : 
VERTICES : 355
ARISTAS_REQ : 218
ARISTAS_NOREQ : 108
RESTRICCIONES : 0
NODOS_INICIALES : 1
NODOS_TERMINO : 1
LISTA_ARISTAS_REQ :
bi 33 34 18.032 1
uni 70 69 51.264 1
bi 129 130 81.426 1
bi 83 84 83.471 1
bi 102 103 29.664 1
uni 123 124 131.814 1
uni 260 261 94.956 1
uni 273 272 68.252 1
bi 163 33 46.692 1
uni 168 169 122.789 1
bi 179 163 83.25 1
uni 189 190 142.055 1
bi 191 104 55.319 1
bi 69 87 62.749 1
uni 252 103 85.706 1
bi 256 257 38.597 1
uni 532 533 96.164 1
uni 448 541 68.667 1
bi 555 556 52.781 1
bi 285 104 26.072 1
uni 308 307 136.801 1
bi 318 319 148.857 1
bi 321 322 27.385 1
bi 331 332 54.153 1
bi 350 351 93.629 1
bi 83 179 65.981 1
bi 374 375 40.2 1
bi 386 190 79.658 1
bi 674 505 185.776 1
uni 675 260 55.223 1
bi 397 398 95.231 1
bi 257 400 85.955 1
bi 414 322 59.329 1
uni 419 70 44.797 1
bi 437 438 129.548 1
bi 273 448 129.807 1
bi 307 169 72.678 1
bi 461 179 97.848 1
bi 331 486 27.159 1
bi 322 261 38.697 1
uni 272 505 51.348 1
bi 564 1035 129.434 1
uni 893 1037 55.082 1
bi 1037 1038 147.583 1
bi 1038 661 96.218 1
bi 710 1039 83.15 1
bi 1051 976 49.748 1
bi 563 564 36.14 1
uni 190 274 69.359 1
bi 571 572 215.819 1
bi 575 576 55.481 1
bi 584 585 35.75 1
bi 179 598 44.715 1
uni 533 599 31.282 1
bi 605 350 190.986 1
uni 261 438 68.045 1
bi 121 637 117.879 1
uni 124 532 187.593 1
bi 257 461 152.746 1
bi 555 657 119.324 1
bi 105 486 51.343 1
bi 661 398 52.661 1
bi 670 671 75.771 1
bi 932 321 75.34 1
bi 585 321 29.04 1
uni 689 690 99.286 1
bi 699 700 123.845 1
bi 702 605 153.556 1
bi 708 709 33.139 1
bi 605 710 92.547 1
uni 438 717 60.569 1
bi 725 414 36.497 1
uni 351 710 190.073 1
bi 661 397 138.669 1
uni 738 689 42.214 1
bi 612 556 144.302 1
uni 756 755 76.389 1
bi 611 555 138.257 1
bi 757 555 47.557 1
bi 256 758 70.529 1
bi 556 764 51.845 1
bi 767 674 187.479 1
bi 768 769 85.451 1
uni 773 774 190.865 1
bi 375 768 98.421 1
bi 437 774 57.811 1
bi 298 786 58.713 1
bi 486 584 162.484 1
bi 124 767 50.569 1
bi 805 806 102.447 1
bi 808 809 16.75 1
bi 813 124 59.456 1
uni 814 738 47.042 1
bi 815 102 102.499 1
bi 833 769 62.329 1
bi 835 809 56.373 1
bi 838 614 62.545 1
bi 129 83 73.292 1
bi 572 257 70.084 1
bi 767 191 51.087 1
uni 386 756 69.868 1
bi 848 768 46.913 1
bi 637 374 114.508 1
bi 833 853 126.857 1
bi 169 700 71.495 1
uni 599 861 57.183 1
bi 853 815 134.489 1
bi 755 189 77.464 1
bi 870 814 124.596 1
bi 369 838 63.394 1
bi 874 875 186.756 1
bi 876 689 128.082 1
bi 879 584 56.46 1
bi 874 886 70.979 1
uni 122 893 25.325 1
bi 472 870 18.119 1
bi 168 896 49.198 1
bi 608 648 155.844 1
uni 455 191 167.998 1
uni 608 419 87.902 1
bi 700 657 75.479 1
bi 190 308 74.876 1
bi 670 755 98.578 1
bi 211 461 80.493 1
uni 861 252 57.224 1
bi 769 853 52.091 1
bi 598 33 81.624 1
uni 169 563 132.573 1
bi 922 322 71.757 1
bi 105 879 161.485 1
bi 671 756 99.691 1
uni 805 710 154.655 1
bi 769 532 187.914 1
bi 398 833 45.257 1
bi 102 533 249.327 1
bi 414 541 35.213 1
bi 397 848 59.404 1
bi 271 896 125.148 1
bi 308 563 69.974 1
bi 922 725 55.113 1
uni 541 272 93.892 1
bi 773 605 82.77 1
bi 893 637 48.384 1
bi 285 854 52.657 1
bi 576 765 77.334 1
bi 532 674 51.039 1
uni 272 951 42.835 1
bi 848 833 102.025 1
bi 400 129 47.426 1
bi 932 922 27.278 1
bi 84 163 64.436 1
bi 374 848 104.191 1
bi 870 808 46.716 1
bi 951 725 38.273 1
uni 297 351 78.352 1
uni 270 168 119.8 1
bi 635 757 130.663 1
uni 717 963 87.865 1
bi 896 699 23.569 1
uni 505 861 50.254 1
bi 472 835 100.903 1
bi 189 307 76.992 1
uni 261 541 93.945 1
bi 531 256 38.615 1
bi 808 738 124.448 1
bi 971 575 164.601 1
bi 130 84 75.447 1
bi 765 671 50.808 1
bi 975 976 54.456 1
bi 260 437 70.751 1
uni 103 599 83.915 1
bi 774 350 80.022 1
uni 993 992 183.65 1
bi 976 994 145.116 1
bi 34 995 158.667 1
bi 34 996 67.639 1
bi 130 991 79.792 1
uni 690 991 49.685 1
bi 163 997 84.195 1
uni 997 996 47.888 1
uni 991 997 143.471 1
uni 270 998 75.38 1
uni 998 999 80.432 1
uni 999 1000 81.799 1
uni 307 998 226.644 1
uni 999 189 202.764 1
uni 755 1000 175.641 1
bi 1002 764 154.54 1
uni 1039 1070 18.216 1
uni 1070 806 138.28 1
bi 1073 709 167.388 1
uni 951 32 126.159 1
bi 598 975 147.518 1
bi 992 971 124.711 1
bi 993 575 138.961 1
bi 564 874 124.129 1
bi 398 886 179.679 1
bi 886 815 112.566 1
bi 1038 564 186.697 1
bi 576 670 46.062 1
bi 960 971 62.356 1
bi 419 743 142.57 1
bi 375 813 125.15 1
uni 332 675 132.359 1
bi 708 1089 131.323 1
bi 1089 437 55.486 1
bi 675 1089 70.62 1
bi 332 708 69.282 1
bi 709 773 63.133 1
uni 774 717 162.029 1
bi 963 297 165.51 1
uni 957 773 153.719 1
uni 1000 993 184.596 1
bi 461 885 178.218 1
bi 975 1051 113.102 1
bi 932 585 104.204 1
bi 835 876 198.225 1
bi 400 690 257.418 1
LISTA_ARISTAS_NOREQ :
bi 65 66 68.286 0
bi 87 88 73.209 0
bi 92 93 63.61 0
uni 121 122 45.897 0
bi 125 126 63.21 0
bi 211 531 146.243 0
uni 294 293 185.614 0
uni 191 215 233.264 0
bi 125 369 59.93 0
bi 469 470 9.761 0
bi 471 472 78.223 0
bi 215 474 55.831 0
bi 506 507 178.738 0
bi 274 1035 101.086 0
bi 1035 1036 54.334 0
uni 875 1036 178.541 0
bi 898 1051 80.29 0
bi 559 274 239.934 0
bi 474 601 51.82 0
uni 612 611 50.275 0
bi 66 506 81.773 0
bi 648 319 40.853 0
uni 69 200 96.252 0
uni 507 691 150.205 0
bi 126 571 61.097 0
bi 530 743 44.829 0
bi 765 766 79.788 0
bi 743 648 31.868 0
bi 825 123 60.642 0
bi 668 65 152.055 0
bi 702 805 92.283 0
bi 601 854 206.69 0
bi 751 766 68.725 0
bi 601 901 54.937 0
bi 319 919 37.595 0
bi 885 211 111.185 0
bi 825 813 132.367 0
bi 898 885 129.864 0
bi 92 126 126.418 0
bi 767 215 281.127 0
bi 70 530 139.739 0
uni 470 850 70.172 0
bi 957 702 81.517 0
bi 505 828 187.492 0
uni 828 294 49.875 0
bi 766 559 68.94 0
bi 919 960 34.81 0
uni 969 448 62.086 0
bi 779 471 64.937 0
bi 766 386 153.395 0
bi 88 530 51.276 0
uni 977 969 69.894 0
bi 987 200 10.742 0
uni 1001 469 214.236 0
bi 1001 1002 9.295 0
uni 1002 612 57.948 0
bi 1003 668 8.954 0
uni 1003 1005 94.111 0
uni 1008 1007 63.153 0
uni 1007 1011 95.97 0
uni 1011 1014 285.446 0
uni 1014 901 137.666 0
uni 1005 1008 36.219 0
uni 691 1071 18.875 0
uni 1072 507 24.417 0
uni 987 814 173.29 0
uni 293 875 186.528 0
bi 575 751 157.507 0
uni 1071 1072 136.035 0
bi 850 375 184.812 0
bi 977 963 187.648 0
bi 1073 957 69.56 0
bi 901 1073 195.134 0
bi 883 779 63.73 0
uni 252 294 131.408 0
bi 883 93 99.045 0
uni 32 31 17.582 0
bi 104 105 25.04 0
uni 271 270 37.783 0
bi 297 298 80.193 0
uni 31 455 19.134 0
bi 764 1037 4.877 0
bi 657 1038 7.194 0
uni 318 608 35.688 0
uni 635 271 44.107 0
bi 351 298 23.355 0
bi 674 827 30.023 0
uni 841 32 27.52 0
bi 758 572 38.506 0
bi 854 331 25.066 0
uni 827 455 28.684 0
uni 32 827 29.997 0
bi 584 260 49.759 0
bi 699 757 19.603 0
uni 611 635 46.36 0
bi 827 31 20.614 0
bi 31 841 19.482 0
bi 809 876 31.576 0
bi 991 992 11.733 0
uni 992 318 94.583 0
uni 996 995 99.216 0
uni 995 994 77.411 0
uni 1070 507 286.199 0
uni 994 1001 473.535 0
uni 1072 786 457.734 0
bi 841 879 36.748 0
uni 786 1039 141.182 0
bi 758 614 11.12 0
CORDENADAS_NODOS :
RESTRICCIONES :
NODOS_INICIALES:
33
NODOS_TERMINO:
33

