NOMBRE : Seg_3
COMENTARIO : 
VERTICES : 178
ARISTAS_REQ : 134
ARISTAS_NOREQ : 42
RESTRICCIONES : 0
NODOS_INICIALES : 1
NODOS_TERMINO : 1
LISTA_ARISTAS_REQ :
uni 677 676 68.428 1
uni 370 593 109.497 1
uni 676 364 66.276 1
bi 364 38 121.775 1
uni 38 464 121.085 1
bi 315 230 104.555 1
uni 807 763 121.382 1
bi 788 300 152.128 1
uni 627 790 83.23 1
uni 301 807 217.189 1
bi 742 59 119.799 1
uni 694 371 93.334 1
bi 173 716 69.035 1
uni 371 604 88.116 1
bi 742 716 116.047 1
bi 534 221 116.05 1
bi 698 91 34.738 1
bi 659 631 122.71 1
bi 631 161 151.86 1
uni 220 265 117.956 1
uni 301 499 151.497 1
uni 500 280 158.096 1
uni 68 158 144.6 1
bi 221 514 117.331 1
bi 363 364 116.307 1
uni 371 370 99.42 1
uni 290 301 150.296 1
uni 370 924 113.826 1
uni 166 919 115.353 1
bi 289 80 155.353 1
bi 845 593 109.178 1
bi 315 763 156.834 1
uni 464 166 94.338 1
uni 251 68 115.536 1
uni 264 265 130.734 1
bi 750 399 74.133 1
uni 871 264 79.752 1
bi 300 289 148.546 1
bi 871 750 119.093 1
uni 728 500 119.052 1
bi 79 886 81.614 1
uni 677 399 113.466 1
uni 456 310 134.417 1
uni 300 301 87.464 1
bi 314 315 230.07 1
uni 265 534 120.082 1
bi 90 554 59.523 1
bi 399 220 117.753 1
bi 230 231 157.416 1
bi 221 456 69.477 1
bi 939 534 121.785 1
uni 762 871 76.865 1
bi 762 363 116.554 1
uni 919 220 116.362 1
uni 60 35 115.106 1
uni 924 166 315.951 1
bi 631 192 114.394 1
uni 264 628 118.267 1
uni 399 264 119.324 1
bi 591 150 177.036 1
uni 807 954 153.578 1
bi 954 315 119.882 1
uni 954 618 230.049 1
bi 480 230 171.433 1
bi 1025 762 114.556 1
uni 499 581 140.394 1
bi 573 923 89.049 1
uni 715 251 165.427 1
uni 716 60 119.752 1
bi 59 728 114.328 1
uni 534 341 100.071 1
bi 741 742 119.065 1
uni 581 554 45.092 1
bi 363 750 72.174 1
uni 280 591 132.207 1
bi 445 593 323.152 1
uni 604 603 153.443 1
uni 364 624 134.565 1
uni 67 715 116.764 1
bi 698 788 127.918 1
bi 80 790 86.401 1
bi 799 157 103.152 1
uni 150 741 118.284 1
uni 741 807 97.157 1
uni 94 457 158.855 1
bi 750 676 117.286 1
uni 627 280 91.516 1
uni 763 231 108.401 1
uni 514 919 120.054 1
uni 923 604 100.609 1
uni 845 924 121.494 1
uni 1025 1026 81.983 1
bi 1026 871 113.123 1
uni 1027 627 146.53 1
uni 1027 500 97.478 1
uni 1029 1027 118.222 1
bi 728 1029 97.042 1
uni 628 1028 143.998 1
uni 265 1028 119.12 1
uni 1031 740 17.071 1
uni 35 1031 79.623 1
uni 573 371 99.505 1
bi 91 581 56.624 1
uni 924 68 88.248 1
uni 251 370 87.387 1
uni 939 340 122.771 1
uni 500 150 116.343 1
uni 954 499 231.591 1
uni 591 290 25.926 1
uni 158 464 171.891 1
uni 604 251 99.477 1
uni 836 300 88.317 1
uni 35 728 122.739 1
uni 799 67 143.367 1
uni 790 886 82.929 1
uni 919 677 104.119 1
uni 464 677 121.401 1
bi 172 742 59.133 1
bi 763 172 59.826 1
uni 280 80 84.151 1
bi 289 290 87.196 1
bi 339 289 86.321 1
bi 38 157 182.107 1
bi 220 221 120.032 1
uni 37 38 124.123 1
bi 59 60 123.154 1
uni 68 67 184.107 1
uni 80 79 87.058 1
bi 90 91 43.235 1
bi 150 59 119.363 1
bi 157 158 105.604 1
uni 166 167 121.075 1
bi 172 173 112.229 1
uni 192 162 145.301 1
LISTA_ARISTAS_NOREQ :
bi 836 339 149.381 0
bi 213 310 87.468 0
uni 624 37 119.992 0
bi 339 79 151.368 0
uni 37 799 195.244 0
uni 213 861 142.528 0
bi 618 314 121.906 0
bi 95 161 130.875 0
bi 94 95 108.862 0
bi 161 162 110.975 0
bi 457 659 116.853 0
bi 593 694 106.304 0
bi 192 845 61.579 0
uni 715 603 100.309 0
bi 341 861 36.572 0
uni 167 659 35.04 0
bi 456 457 116.11 0
bi 514 167 116.028 0
uni 499 788 87.344 0
bi 231 173 70.464 0
bi 623 1060 134.546 0
bi 923 623 143.612 0
uni 740 340 19.716 0
uni 603 623 103.936 0
uni 628 627 21.146 0
bi 694 801 100.017 0
uni 457 514 47.031 0
bi 340 1018 16.414 0
uni 947 740 24.713 0
uni 1018 947 21.319 0
uni 341 1022 52.963 0
uni 1022 1018 75.305 0
uni 1026 628 83.012 0
uni 1028 1027 20.383 0
uni 1028 939 118.095 0
uni 1030 1029 100.597 0
uni 740 1030 21.663 0
uni 1031 1030 27.572 0
bi 801 573 81.079 0
bi 861 456 86.256 0
uni 659 95 163.371 0
uni 340 341 124.518 0
CORDENADAS_NODOS :
RESTRICCIONES :
NODOS_INICIALES:
676
NODOS_TERMINO:
676
